1871 84.87
1872 91.36
1873 75.73
1874 97.45
1875 92.97
1876 77.76
1877 60.4
1878 97.61
1879 89.78
1880 82.01
1881 86.13
1882 90.29
1883 84.92
1884 93.28
1885 84.74
1886 87.44
1887 89.93
1888 81.16
1889 93.06
1890 90.55
1891 79.24
1892 99.16
1893 95.49
1894 97.14
1895 82.36
1896 82.84
1897 89.11
1898 88.46
1899 62.9
1900 88.93
1901 72.2
1902 79.18
1903 86.08
1904 75.03
1905 71.64
1906 88.49
1907 77.74
1908 89.7
1909 88.93
1910 93.49
1911 73.63
1912 80.58
1913 78.44
1914 89.8
1915 78.06
1916 95.06
1917 100.42
1918 65.08
1919 88.45
1920 71.9
1921 86.58
1922 86.9
1923 82.3
1924 86.26
1925 80.36
1926 90.26
1927 85.3
1928 76.77
1929 82.11
1930 80.44
1931 87.7
1932 80.34
1933 97.58
1934 91.34
1935 84.35
1936 90.82
1937 84.19
1938 90.82
1939 78.94
1940 85.31
1941 72.83
1942 95.77
1943 86.82
1944 92.03
1945 91.08
1946 90.36
1947 94.53
1948 87.39
1949 90.37
1950 87.69
1951 73.88
1952 79.29
1953 92.29
1954 88.53
1955 93
1956 98.32
1957 78.85
1958 88.93
1959 94.41
1960 83.97
1961 102.02
1962 80.98
1963 85.79
1964 92.25
1965 70.93
1966 73.99
1967 86.01
1968 75.46
1969 83.1
1970 93.98
1971 88.68
1972 65.28
1973 91.34
1974 74.8
1975 96.27
1976 85.68
1977 88.32
1978 90.93
1979 70.77
1980 88.28
1981 85.22
1982 73.54
1983 95.56
1984 83.67
1985 75.98
1986 74.3
1987 69.71
1988 96.15
1989 86.66
1990 90.86
1991 81.61
1992 81.48
1993 84.6
1994 95.75
1995 81.96
1996 85.1
1997 85.45
1998 85.92
1999 80.78
2000 78.58
2001 79.44
2002 64.68
2003 85.61
2004 74.17
2005 82.85
2006 90.53
2007 94.71
2008 88.22
2009 70.2
2010 88.57
2011 90.29
2012 80.51
2013 94.73
2014 73.64
2015 72.81
2016 84.49
